0 0.500000 0.169922 0.796875 0.312500
1 0.828125 0.130859 0.101562 0.082031
1 0.169922 0.138672 0.128906 0.074219
2 0.535156 0.144531 0.320312 0.074219
3 0.513672 0.198242 0.066406 0.052734
4 0.488281 0.224609 0.296875 0.050781
5 0.292969 0.766602 0.375000 0.302734
5 0.613281 0.805664 0.265625 0.369141
6 0.183594 0.875977 0.148438 0.080078
6 0.570312 0.943359 0.179688 0.078125
7 0.455078 0.485352 0.386719 0.314453
8 0.126953 0.647461 0.183594 0.064453
8 0.820312 0.593750 0.210938 0.058594
9 0.148438 0.506836 0.273438 0.365234
9 0.794922 0.473633 0.285156 0.310547
