0 0.509766 0.216797 0.722656 0.410156
1 0.199219 0.225586 0.148438 0.072266
1 0.798828 0.152344 0.121094 0.066406
2 0.490234 0.152344 0.394531 0.093750
3 0.496094 0.250000 0.125000 0.066406
4 0.513672 0.342773 0.128906 0.044922
5 0.486328 0.809570 0.214844 0.333984
5 0.812500 0.761719 0.273438 0.320312
6 0.511719 0.929688 0.140625 0.082031
6 0.855469 0.883789 0.187500 0.076172
7 0.552734 0.521484 0.371094 0.257812
8 0.357422 0.591797 0.089844 0.050781
8 0.746094 0.518555 0.101562 0.060547
9 0.367188 0.520508 0.109375 0.205078
9 0.742188 0.471680 0.187500 0.154297
