0 0.457031 0.154297 0.546875 0.292969
1 0.203125 0.143555 0.070312 0.064453
1 0.685547 0.158203 0.082031 0.062500
2 0.445312 0.116211 0.289062 0.056641
3 0.451172 0.153320 0.097656 0.095703
4 0.437500 0.228516 0.203125 0.031250
5 0.384766 0.826172 0.285156 0.335938
5 0.703125 0.817383 0.320312 0.306641
6 0.388672 0.943359 0.285156 0.082031
6 0.714844 0.931641 0.312500 0.070312
7 0.519531 0.493164 0.296875 0.392578
8 0.125000 0.591797 0.242188 0.117188
9 0.197266 0.477539 0.386719 0.349609
9 0.785156 0.408203 0.429688 0.214844
